   0.41922    0.42330
   0.22578    0.32785
   0.12163    0.18317
   0.06672    0.09969
   0.03949    0.05413
   0.03532    0.02961
   0.03722    0.01657
   0.04249    0.00973
   0.05008    0.00630
   0.06004    0.00481
   0.07370    0.00464
   0.09548    0.00599
   0.14303    0.01288
   0.25894    0.09849
   0.25159    0.21233
   0.17466    0.15244
   0.12853    0.09181
   0.10842    0.05469
   0.10734    0.03435
   0.12689    0.02591
   0.19388    0.04169
   0.27283    0.17140
   0.21313    0.18309
   0.15355    0.11889
   0.12296    0.07203
   0.11505    0.04487
   0.12925    0.03216
   0.18692    0.04206
   0.26953    0.15797
   0.21920    0.18473
   0.15888    0.12298
   0.12703    0.07521
   0.11857    0.04717
   0.13351    0.03423
   0.19453    0.04731
   0.26862    0.16550
   0.21405    0.17967
   0.15641    0.11852
   0.12684    0.07270
   0.12049    0.04611
   0.13905    0.03474
   0.20863    0.05668
   0.26618    0.17847
   0.20461    0.17131
   0.15115    0.11084
   0.12524    0.06810
   0.12221    0.04385
   0.14628    0.03507
   0.22603    0.07199
   0.25976    0.18894
   0.19373    0.16083
   0.14523    0.10217
   0.12350    0.06294
   0.12441    0.04137
   0.15568    0.03605
   0.24352    0.09404
   0.24957    0.19346
   0.18278    0.14928
   0.13956    0.09349
   0.12216    0.05788
   0.12747    0.03910
   0.16774    0.03846
   0.25771    0.12085
   0.23699    0.19173
   0.17243    0.13746
   0.13454    0.08525
   0.12145    0.05320
   0.13165    0.03726
   0.18286    0.04333
   0.26595    0.14796
   0.22344    0.18510
   0.16298    0.12590
   0.13030    0.07764
   0.12151    0.04901
   0.13720    0.03600
   0.20093    0.05227
   0.26711    0.17073
   0.20990    0.17529
   0.15454    0.11491
   0.12688    0.07071
   0.12241    0.04533
   0.14444    0.03549
   0.22083    0.06725
   0.26178    0.18602
   0.19698    0.16376
   0.14714    0.10465
   0.12430    0.06447
   0.12421    0.04219
   0.15378    0.03601
   0.24011    0.08925
   0.25176    0.19287
   0.18498    0.15155
   0.14076    0.09519
   0.12254    0.05889
   0.12704    0.03959
   0.16567    0.03805
   0.25572    0.11638
   0.23909    0.19229
   0.17407    0.13933
   0.13535    0.08654
   0.12160    0.05394
   0.13103    0.03755
   0.18053    0.04248
   0.26517    0.14424
   0.22538    0.18624
   0.16428    0.12751
   0.13088    0.07869
   0.12150    0.04959
   0.13639    0.03615
   0.19837    0.05078
   0.26734    0.16805
   0.21169    0.17672
   0.15562    0.11634
   0.12731    0.07160
   0.12226    0.04580
   0.14341    0.03552
   0.21822    0.06492
   0.26277    0.18450
   0.19861    0.16531
   0.14805    0.10594
   0.12459    0.06524
   0.12394    0.04257
   0.15246    0.03588
   0.23779    0.08608
   0.25322    0.19244
   0.18646    0.15312
   0.14152    0.09635
   0.12272    0.05957
   0.12663    0.03989
   0.16401    0.03768
   0.25404    0.11280
   0.24078    0.19271
   0.17539    0.14086
   0.13599    0.08759
   0.12168    0.05453
   0.13046    0.03778
   0.17849    0.04174
   0.26437    0.14086
   0.22713    0.18724
   0.16546    0.12897
   0.13140    0.07963
   0.12146    0.05010
   0.13563    0.03629
   0.19598    0.04946
   0.26747    0.16541
   0.21339    0.17805
   0.15665    0.11771
   0.12771    0.07245
   0.12211    0.04625
   0.14242    0.03555
   0.21568    0.06276
   0.26367    0.18289
   0.20021    0.16681
   0.14894    0.10720
   0.12489    0.06601
   0.12367    0.04295
   0.15119    0.03577
   0.23545    0.08305
   0.25463    0.19189
   0.18793    0.15467
   0.14229    0.09751
   0.12291    0.06025
   0.12623    0.04020
   0.16240    0.03735
   0.25228    0.10926
   0.24244    0.19304
   0.17672    0.14239
   0.13663    0.08865
   0.12176    0.05513
   0.12991    0.03801
   0.17649    0.04107
   0.26345    0.13743
   0.22887    0.18817
   0.16664    0.13044
   0.13192    0.08059
   0.12144    0.05063
   0.13490    0.03644
   0.19363    0.04822
   0.26748    0.16265
   0.21510    0.17935
   0.15770    0.11908
   0.12813    0.07332
   0.12198    0.04670
   0.14147    0.03560
   0.21314    0.06071
   0.26448    0.18115
   0.20182    0.16829
   0.14985    0.10848
   0.12520    0.06678
   0.12342    0.04333
   0.14997    0.03567
   0.23306    0.08012
   0.25598    0.19122
   0.18942    0.15621
   0.14307    0.09868
   0.12311    0.06093
   0.12585    0.04051
   0.16084    0.03706
   0.25042    0.10576
   0.24408    0.19327
   0.17807    0.14392
   0.13729    0.08971
   0.12186    0.05574
   0.12938    0.03825
   0.17455    0.04044
   0.26243    0.13395
   0.23060    0.18904
   0.16785    0.13191
   0.13247    0.08156
   0.12144    0.05116
   0.13419    0.03660
   0.19132    0.04707
   0.26738    0.15979
   0.21681    0.18061
   0.15876    0.12047
   0.12855    0.07419
   0.12187    0.04716
   0.14054    0.03566
   0.21061    0.05878
   0.26520    0.17928
   0.20345    0.16976
   0.15078    0.10977
   0.12552    0.06756
   0.12319    0.04373
   0.14878    0.03560
   0.23063    0.07729
   0.25728    0.19042
   0.19092    0.15776
   0.14386    0.09987
   0.12333    0.06163
   0.12549    0.04084
   0.15933    0.03679
   0.24849    0.10229
   0.24569    0.19340
   0.17943    0.14546
   0.13796    0.09080
   0.12197    0.05636
   0.12887    0.03850
   0.17266    0.03987
   0.26128    0.13044
   0.23234    0.18984
   0.16907    0.13339
   0.13302    0.08254
   0.12144    0.05171
   0.13351    0.03677
   0.18905    0.04600
   0.26716    0.15682
   0.21853    0.18184
   0.15984    0.12187
   0.12900    0.07507
   0.12176    0.04764
   0.13965    0.03573
   0.20810    0.05696
   0.26583    0.17727
   0.20509    0.17121
   0.15172    0.11107
   0.12585    0.06836
   0.12297    0.04413
   0.14762    0.03555
   0.22816    0.07457
   0.25852    0.18949
   0.19244    0.15930
   0.14468    0.10107
   0.12356    0.06234
   0.12514    0.04117
   0.15786    0.03655
   0.24646    0.09888
   0.24728    0.19343
   0.18082    0.14700
   0.13865    0.09189
   0.12210    0.05699
   0.12838    0.03877
   0.17082    0.03935
   0.26003    0.12689
   0.23406    0.19058
   0.17031    0.13489
   0.13359    0.08354
   0.12146    0.05226
   0.13285    0.03696
   0.18683    0.04501
   0.26683    0.15376
   0.22026    0.18302
   0.16094    0.12329
   0.12945    0.07597
   0.12168    0.04812
   0.13878    0.03582
   0.20560    0.05525
   0.26636    0.17512
   0.20674    0.17264
   0.15269    0.11239
   0.12620    0.06916
   0.12277    0.04454
   0.14651    0.03552
   0.22567    0.07196
   0.25970    0.18843
   0.19398    0.16083
   0.14551    0.10228
   0.12380    0.06306
   0.12481    0.04151
   0.15643    0.03635
   0.24437    0.09553
   0.24884    0.19335
   0.18222    0.14855
   0.13935    0.09300
   0.12224    0.05763
   0.12791    0.03904
   0.16902    0.03887
   0.25867    0.12333
   0.23578    0.19124
   0.17157    0.13639
   0.13418    0.08454
   0.12150    0.05282
   0.13221    0.03715
   0.18465    0.04408
   0.26638    0.15061
   0.22200    0.18416
   0.16206    0.12471
   0.12993    0.07688
   0.12160    0.04861
   0.13795    0.03592
   0.20312    0.05364
   0.26679    0.17285
   0.20841    0.17405
   0.15366    0.11371
   0.12656    0.06998
   0.12258    0.04496
   0.14542    0.03550
   0.22316    0.06946
   0.26081    0.18723
   0.19553    0.16236
   0.14635    0.10351
   0.12406    0.06379
   0.12450    0.04186
   0.15504    0.03616
   0.24220    0.09225
   0.25036    0.19315
   0.18364    0.15010
   0.14007    0.09412
   0.12239    0.05827
   0.12745    0.03932
   0.16728    0.03843
   0.25720    0.11976
   0.23749    0.19182
   0.17285    0.13790
   0.13477    0.08556
   0.12155    0.05339
   0.13159    0.03735
   0.18251    0.04323
   0.26581    0.14737
   0.22373    0.18525
   0.16319    0.12614
   0.13041    0.07780
   0.12154    0.04910
   0.13714    0.03604
   0.20067    0.05213
   0.26713    0.17045
   0.21008    0.17543
   0.15466    0.11506
   0.12694    0.07081
   0.12241    0.04539
   0.14437    0.03550
   0.22063    0.06708
   0.26185    0.18590
   0.19710    0.16388
   0.14721    0.10475
   0.12433    0.06453
   0.12420    0.04222
   0.15370    0.03601
   0.23997    0.08905
   0.25185    0.19284
   0.18507    0.15164
   0.14081    0.09526
   0.12255    0.05893
   0.12702    0.03961
   0.16558    0.03803
   0.25563    0.11619
   0.23918    0.19232
   0.17414    0.13941
   0.13539    0.08659
   0.12161    0.05397
   0.13100    0.03757
   0.18043    0.04244
   0.26513    0.14407
   0.22547    0.18630
   0.16434    0.12759
   0.13091    0.07874
   0.12150    0.04961
   0.13635    0.03616
   0.19825    0.05071
   0.26735    0.16792
   0.21177    0.17679
   0.15567    0.11641
   0.12733    0.07164
   0.12225    0.04582
   0.14336    0.03552
   0.21810    0.06481
   0.26282    0.18442
   0.19868    0.16538
   0.14809    0.10600
   0.12461    0.06528
   0.12392    0.04259
   0.15240    0.03587
   0.23768    0.08593
   0.25329    0.19242
   0.18653    0.15319
   0.14156    0.09640
   0.12273    0.05960
   0.12661    0.03990
   0.16393    0.03766
   0.25396    0.11263
   0.24086    0.19273
   0.17545    0.14093
   0.13602    0.08764
   0.12168    0.05456
   0.13043    0.03779
   0.17839    0.04171
   0.26433    0.14069
   0.22721    0.18728
   0.16551    0.12904
   0.13142    0.07968
   0.12146    0.05013
   0.13560    0.03630
   0.19587    0.04939
   0.26747    0.16528
   0.21347    0.17812
   0.15670    0.11777
   0.12773    0.07250
   0.12211    0.04627
   0.14237    0.03555
   0.21556    0.06266
   0.26371    0.18281
   0.20028    0.16688
   0.14899    0.10726
   0.12490    0.06604
   0.12366    0.04296
   0.15113    0.03576
   0.23533    0.08291
   0.25469    0.19187
   0.18800    0.15474
   0.14232    0.09757
   0.12292    0.06028
   0.12621    0.04021
   0.16233    0.03734
   0.25219    0.10909
   0.24252    0.19305
   0.17678    0.14246
   0.13666    0.08870
   0.12177    0.05516
   0.12988    0.03802
   0.17640    0.04103
   0.26341    0.13726
   0.22895    0.18821
   0.16670    0.13051
   0.13195    0.08064
   0.12144    0.05065
   0.13486    0.03645
   0.19352    0.04816
   0.26748    0.16252
   0.21518    0.17941
   0.15775    0.11915
   0.12815    0.07336
   0.12198    0.04672
   0.14142    0.03560
   0.21302    0.06062
   0.26451    0.18107
   0.20190    0.16836
   0.14990    0.10854
   0.12521    0.06682
   0.12341    0.04335
   0.14991    0.03567
   0.23294    0.07998
   0.25604    0.19119
   0.18949    0.15629
   0.14311    0.09874
   0.12312    0.06097
   0.12583    0.04053
   0.16077    0.03704
   0.25033    0.10559
   0.24416    0.19328
   0.17813    0.14400
   0.13732    0.08977
   0.12187    0.05577
   0.12935    0.03826
   0.17446    0.04041
   0.26237    0.13378
   0.23069    0.18908
   0.16791    0.13198
   0.13249    0.08161
   0.12144    0.05119
   0.13416    0.03661
   0.19121    0.04702
   0.26737    0.15965
   0.21689    0.18067
   0.15881    0.12054
   0.12858    0.07423
   0.12186    0.04719
   0.14050    0.03566
   0.21049    0.05869
   0.26523    0.17918
   0.20353    0.16983
   0.15083    0.10983
   0.12553    0.06760
   0.12318    0.04374
   0.14872    0.03560
   0.23051    0.07716
   0.25734    0.19038
   0.19099    0.15783
   0.14390    0.09993
   0.12334    0.06167
   0.12547    0.04085
   0.15925    0.03678
   0.24839    0.10213
   0.24577    0.19340
   0.17950    0.14554
   0.13799    0.09085
   0.12198    0.05639
   0.12884    0.03852
   0.17257    0.03984
   0.26123    0.13026
   0.23242    0.18988
   0.16913    0.13347
   0.13305    0.08259
   0.12145    0.05173
   0.13347    0.03678
   0.18894    0.04595
   0.26715    0.15668
   0.21862    0.18190
   0.15989    0.12194
   0.12902    0.07512
   0.12176    0.04766
   0.13961    0.03574
   0.20798    0.05687
   0.26585    0.17717
   0.20517    0.17128
   0.15177    0.11113
   0.12587    0.06839
   0.12296    0.04415
   0.14757    0.03555
   0.22805    0.07444
   0.25858    0.18945
   0.19251    0.15937
   0.14472    0.10113
   0.12357    0.06238
   0.12512    0.04118
   0.15779    0.03654
   0.24636    0.09872
   0.24736    0.19343
   0.18088    0.14708
   0.13868    0.09195
   0.12210    0.05702
   0.12835    0.03878
   0.17073    0.03932
   0.25997    0.12672
   0.23415    0.19061
   0.17037    0.13496
   0.13362    0.08358
   0.12147    0.05229
   0.13282    0.03697
   0.18672    0.04496
   0.26681    0.15361
   0.22035    0.18308
   0.16099    0.12335
   0.12948    0.07602
   0.12167    0.04814
   0.13874    0.03582
   0.20548    0.05517
   0.26638    0.17502
   0.20682    0.17271
   0.15273    0.11245
   0.12622    0.06920
   0.12276    0.04456
   0.14645    0.03552
   0.22555    0.07183
   0.25975    0.18838
   0.19405    0.16091
   0.14555    0.10234
   0.12381    0.06310
   0.12480    0.04153
   0.15636    0.03634
   0.24426    0.09537
   0.24891    0.19334
   0.18229    0.14862
   0.13939    0.09305
   0.12224    0.05766
   0.12788    0.03905
   0.16894    0.03884
   0.25860    0.12316
   0.23586    0.19127
   0.17163    0.13646
   0.13420    0.08459
   0.12150    0.05285
   0.13218    0.03716
   0.18454    0.04404
   0.26636    0.15045
   0.22208    0.18422
   0.16211    0.12478
   0.12995    0.07693
   0.12160    0.04863
   0.13791    0.03593
   0.20300    0.05356
   0.26681    0.17273
   0.20849    0.17411
   0.15371    0.11378
   0.12658    0.07002
   0.12257    0.04498
   0.14537    0.03550
   0.22304    0.06934
   0.26086    0.18717
   0.19561    0.16243
   0.14639    0.10357
   0.12407    0.06383
   0.12448    0.04188
   0.15498    0.03616
   0.24209    0.09209
   0.25044    0.19314
   0.18371    0.15017
   0.14011    0.09418
   0.12239    0.05831
   0.12743    0.03933
   0.16719    0.03841
   0.25713    0.11958
   0.23757    0.19184
   0.17291    0.13797
   0.13480    0.08561
   0.12155    0.05342
   0.13157    0.03736
   0.18241    0.04319
   0.26578    0.14722
   0.22382    0.18531
   0.16325    0.12621
   0.13043    0.07785
   0.12154    0.04913
   0.13710    0.03604
   0.20056    0.05206
   0.26714    0.17033
   0.21017    0.17550
   0.15471    0.11512
   0.12696    0.07085
   0.12240    0.04541
   0.14432    0.03550
   0.22051    0.06696
   0.26190    0.18583
   0.19718    0.16395
   0.14726    0.10481
   0.12434    0.06457
   0.12419    0.04224
   0.15364    0.03600
   0.23986    0.08890
   0.25192    0.19283
   0.18514    0.15172
   0.14084    0.09531
   0.12256    0.05896
   0.12700    0.03962
   0.16550    0.03801
   0.25555    0.11601
   0.23926    0.19234
   0.17420    0.13949
   0.13542    0.08664
   0.12161    0.05400
   0.13097    0.03758
   0.18033    0.04240
   0.26509    0.14390
   0.22556    0.18635
   0.16440    0.12766
   0.13093    0.07878
   0.12149    0.04964
   0.13632    0.03617
   0.19814    0.05065
   0.26736    0.16780
   0.21185    0.17685
   0.15572    0.11647
   0.12735    0.07169
   0.12224    0.04584
   0.14331    0.03552
   0.21797    0.06470
   0.26286    0.18435
   0.19876    0.16546
   0.14813    0.10606
   0.12462    0.06532
   0.12391    0.04261
   0.15233    0.03587
   0.23756    0.08578
   0.25336    0.19239
   0.18660    0.15327
   0.14159    0.09646
   0.12274    0.05963
   0.12659    0.03992
   0.16385    0.03765
   0.25387    0.11246
   0.24094    0.19275
   0.17552    0.14101
   0.13605    0.08769
   0.12168    0.05459
   0.13040    0.03780
   0.17829    0.04167
   0.26428    0.14053
   0.22730    0.18733
   0.16557    0.12911
   0.13145    0.07973
   0.12146    0.05015
   0.13556    0.03631
   0.19575    0.04933
   0.26747    0.16515
   0.21355    0.17818
   0.15675    0.11784
   0.12775    0.07254
   0.12210    0.04629
   0.14233    0.03555
   0.21544    0.06255
   0.26375    0.18273
   0.20036    0.16695
   0.14903    0.10732
   0.12492    0.06608
   0.12365    0.04298
   0.15107    0.03576
   0.23522    0.08276
   0.25476    0.19184
   0.18807    0.15482
   0.14236    0.09762
   0.12293    0.06031
   0.12619    0.04023
   0.16225    0.03732
   0.25210    0.10892
   0.24260    0.19306
   0.17685    0.14254
   0.13669    0.08875
   0.12177    0.05519
   0.12986    0.03803
   0.17631    0.04100
   0.26336    0.13709
   0.22904    0.18826
   0.16676    0.13058
   0.13198    0.08068
   0.12144    0.05068
   0.13483    0.03646
   0.19341    0.04811
   0.26747    0.16238
   0.21526    0.17947
   0.15780    0.11922
   0.12817    0.07340
   0.12197    0.04675
   0.14138    0.03560
   0.21290    0.06052
   0.26455    0.18098
   0.20198    0.16843
   0.14994    0.10860
   0.12523    0.06685
   0.12340    0.04337
   0.14985    0.03567
   0.23282    0.07984
   0.25611    0.19115
   0.18956    0.15636
   0.14314    0.09880
   0.12313    0.06100
   0.12581    0.04054
   0.16069    0.03703
   0.25024    0.10542
   0.24424    0.19329
   0.17820    0.14407
   0.13735    0.08982
   0.12187    0.05580
   0.12933    0.03828
   0.17437    0.04039
   0.26232    0.13361
   0.23077    0.18912
   0.16796    0.13205
   0.13252    0.08166
   0.12144    0.05121
   0.13412    0.03662
   0.19110    0.04696
   0.26736    0.15951
   0.21698    0.18073
   0.15886    0.12061
   0.12860    0.07427
   0.12186    0.04721
   0.14046    0.03566
   0.21037    0.05860
   0.26526    0.17909
   0.20360    0.16990
   0.15087    0.10989
   0.12555    0.06764
   0.12317    0.04376
   0.14866    0.03560
   0.23039    0.07702
   0.25740    0.19034
   0.19107    0.15791
   0.14394    0.09998
   0.12335    0.06170
   0.12545    0.04087
   0.15918    0.03677
   0.24829    0.10196
   0.24585    0.19341
   0.17957    0.14561
   0.13803    0.09090
   0.12198    0.05642
   0.12882    0.03853
   0.17248    0.03982
   0.26117    0.13009
   0.23250    0.18992
   0.16919    0.13354
   0.13308    0.08264
   0.12145    0.05176
   0.13344    0.03679
   0.18883    0.04590
   0.26713    0.15653
   0.21870    0.18195
   0.15995    0.12201
   0.12904    0.07516
   0.12176    0.04768
   0.13956    0.03574
   0.20786    0.05679
   0.26588    0.17707
   0.20525    0.17135
   0.15182    0.11120
   0.12589    0.06843
   0.12295    0.04417
   0.14751    0.03555
   0.22793    0.07431
   0.25863    0.18940
   0.19259    0.15945
   0.14476    0.10118
   0.12358    0.06241
   0.12511    0.04120
   0.15772    0.03653
   0.24626    0.09856
   0.24743    0.19342
   0.18095    0.14715
   0.13872    0.09200
   0.12211    0.05705
   0.12833    0.03879
   0.17064    0.03930
   0.25990    0.12655
   0.23423    0.19064
   0.17043    0.13503
   0.13365    0.08363
   0.12147    0.05231
   0.13278    0.03697
   0.18661    0.04491
   0.26679    0.15346
   0.22043    0.18313
   0.16105    0.12342
   0.12950    0.07606
   0.12167    0.04816
   0.13870    0.03583
   0.20536    0.05509
   0.26641    0.17491
   0.20690    0.17278
   0.15278    0.11251
   0.12624    0.06924
   0.12275    0.04458
   0.14640    0.03551
   0.22543    0.07171
   0.25981    0.18832
   0.19413    0.16098
   0.14559    0.10240
   0.12383    0.06313
   0.12478    0.04154
   0.15629    0.03633
   0.24416    0.09521
   0.24899    0.19333
   0.18236    0.14870
   0.13942    0.09311
   0.12225    0.05769
   0.12786    0.03906
   0.16885    0.03882
   0.25853    0.12298
   0.23595    0.19130
   0.17169    0.13653
   0.13423    0.08464
   0.12150    0.05287
   0.13215    0.03717
   0.18444    0.04400
   0.26633    0.15030
   0.22216    0.18427
   0.16216    0.12485
   0.12997    0.07697
   0.12160    0.04865
   0.13787    0.03593
   0.20288    0.05349
   0.26683    0.17262
   0.20857    0.17418
   0.15376    0.11384
   0.12660    0.07006
   0.12256    0.04500
   0.14532    0.03550
   0.22292    0.06922
   0.26091    0.18711
   0.19568    0.16251
   0.14643    0.10363
   0.12408    0.06386
   0.12447    0.04190
   0.15491    0.03615
   0.24199    0.09194
   0.25051    0.19313
   0.18378    0.15025
   0.14014    0.09423
   0.12240    0.05834
   0.12741    0.03934
   0.16711    0.03839
   0.25705    0.11941
   0.23765    0.19187
   0.17297    0.13804
   0.13483    0.08566
   0.12155    0.05345
   0.13154    0.03737
   0.18231    0.04315
   0.26575    0.14706
   0.22390    0.18536
   0.16330    0.12628
   0.13046    0.07789
   0.12154    0.04915
   0.13706    0.03605
   0.20044    0.05199
   0.26715    0.17021
   0.21025    0.17556
   0.15476    0.11519
   0.12698    0.07089
   0.12239    0.04543
   0.14427    0.03550
   0.22039    0.06685
   0.26195    0.18576
   0.19725    0.16402
   0.14730    0.10487
   0.12435    0.06460
   0.12418    0.04226
   0.15357    0.03599
   0.23975    0.08874
   0.25199    0.19281
   0.18521    0.15179
   0.14088    0.09537
   0.12257    0.05900
   0.12698    0.03963
   0.16542    0.03799
   0.25547    0.11584
   0.23934    0.19236
   0.17427    0.13956
   0.13545    0.08669
   0.12161    0.05403
   0.13095    0.03759
   0.18023    0.04236
   0.26506    0.14374
   0.22564    0.18639
   0.16445    0.12773
   0.13096    0.07883
   0.12149    0.04966
   0.13628    0.03617
   0.19802    0.05058
   0.26737    0.16767
   0.21194    0.17692
   0.15577    0.11654
   0.12737    0.07173
   0.12224    0.04587
   0.14326    0.03552
   0.21785    0.06460
   0.26291    0.18427
   0.19884    0.16553
   0.14818    0.10612
   0.12464    0.06535
   0.12390    0.04262
   0.15227    0.03586
   0.23745    0.08563
   0.25343    0.19237
   0.18667    0.15334
   0.14163    0.09652
   0.12275    0.05967
   0.12657    0.03993
   0.16377    0.03763
   0.25379    0.11229
   0.24102    0.19277
   0.17558    0.14108
   0.13608    0.08774
   0.12169    0.05462
   0.13038    0.03781
   0.17819    0.04164
   0.26424    0.14036
   0.22738    0.18738
   0.16563    0.12918
   0.13147    0.07977
   0.12146    0.05018
   0.13552    0.03631
   0.19564    0.04927
   0.26747    0.16501
   0.21364    0.17824
   0.15680    0.11791
   0.12777    0.07258
   0.12209    0.04631
   0.14228    0.03555
   0.21531    0.06245
   0.26379    0.18265
   0.20044    0.16702
   0.14907    0.10738
   0.12493    0.06612
   0.12364    0.04300
   0.15101    0.03575
   0.23510    0.08262
   0.25482    0.19181
   0.18814    0.15489
   0.14240    0.09768
   0.12294    0.06035
   0.12617    0.04024
   0.16217    0.03731
   0.25201    0.10875
   0.24268    0.19308
   0.17691    0.14261
   0.13672    0.08880
   0.12177    0.05522
   0.12983    0.03805
   0.17621    0.04097
   0.26331    0.13693
   0.22912    0.18830
   0.16682    0.13065
   0.13200    0.08073
   0.12144    0.05071
   0.13480    0.03646
   0.19329    0.04805
   0.26747    0.16224
   0.21534    0.17953
   0.15785    0.11929
   0.12819    0.07344
   0.12196    0.04677
   0.14133    0.03560
   0.21278    0.06043
   0.26459    0.18089
   0.20205    0.16850
   0.14999    0.10866
   0.12524    0.06689
   0.12339    0.04339
   0.14979    0.03566
   0.23271    0.07970
   0.25617    0.19112
   0.18963    0.15644
   0.14318    0.09885
   0.12314    0.06103
   0.12579    0.04056
   0.16062    0.03702
   0.25015    0.10525
   0.24431    0.19329
   0.17826    0.14414
   0.13738    0.08987
   0.12188    0.05583
   0.12930    0.03829
   0.17428    0.04036
   0.26227    0.13344
   0.23086    0.18916
   0.16802    0.13213
   0.13255    0.08170
   0.12144    0.05124
   0.13409    0.03663
   0.19099    0.04691
   0.26735    0.15937
   0.21706    0.18079
   0.15892    0.12068
   0.12862    0.07432
   0.12185    0.04723
   0.14041    0.03567
   0.21025    0.05851
   0.26529    0.17899
   0.20368    0.16997
   0.15092    0.10996
   0.12557    0.06768
   0.12316    0.04378
   0.14861    0.03559
   0.23027    0.07689
   0.25746    0.19030
   0.19114    0.15798
   0.14398    0.10004
   0.12336    0.06173
   0.12543    0.04088
   0.15911    0.03675
   0.24820    0.10180
   0.24593    0.19341
   0.17963    0.14568
   0.13806    0.09096
   0.12199    0.05645
   0.12879    0.03854
   0.17239    0.03979
   0.26111    0.12992
   0.23259    0.18995
   0.16925    0.13361
   0.13310    0.08269
   0.12145    0.05179
   0.13341    0.03680
   0.18873    0.04585
   0.26712    0.15639
   0.21878    0.18201
   0.16000    0.12208
   0.12906    0.07520
   0.12175    0.04771
   0.13952    0.03574
   0.20773    0.05670
   0.26591    0.17696
   0.20533    0.17142
   0.15186    0.11126
   0.12590    0.06847
   0.12294    0.04419
   0.14746    0.03554
   0.22781    0.07418
   0.25869    0.18935
   0.19266    0.15952
   0.14480    0.10124
