   1.05757
   4.97020
   4.62431
   4.27381
   3.06156
  -1.16197
  -2.71862
  -2.36943
  -1.74530
  -1.11439
   0.67801
   2.16465
   2.18205
   1.92165
   1.67022
   1.21846
   0.96794
   0.76378
   0.67841
   0.60459
   0.86133
   1.16764
   1.25563
   1.38520
   1.33348
   0.94658
   0.60820
   0.25186
  -0.04360
   0.11930
   0.77766
   1.49026
   1.78492
   1.69770
   1.50426
   1.13695
   1.04189
   1.00631
   0.86244
   0.68653
   0.81840
   1.10719
   1.44099
   1.51792
   1.56166
   1.30689
   1.25440
   1.00943
   1.06417
   1.23101
   1.15749
   0.97566
   0.92310
   1.04076
   1.03847
   0.89185
   0.95591
   0.84559
   0.86405
   0.98680
   1.24080
   1.25754
   1.16782
   1.03212
   0.96534
   0.76307
   0.81942
   0.92407
   1.14106
   1.35850
   1.44025
   1.32562
   1.09700
   0.88705
   0.89587
   0.94130
   1.12315
   1.23803
   1.29296
   1.18832
   1.18409
   0.94942
   0.77448
   0.57097
   0.73091
   1.07292
   1.39644
   1.52387
   1.34054
   1.25179
   1.04051
   0.90471
   0.61980
   0.64849
   0.72067
   0.81612
   1.00117
   1.31306
   1.44626
   1.34212
   1.25992
   1.17580
   1.12685
   1.09489
   1.12552
   1.07495
   1.20558
   1.13339
   1.22852
   1.13305
   0.74817
   0.55770
   0.83457
   1.11039
   1.29774
   1.39735
   1.39363
   1.22364
   1.04612
   0.91650
   0.94780
   0.97760
   1.08322
   0.98878
   1.02958
   1.02376
   1.05816
   1.05232
   1.03060
   0.86996
   1.02448
   1.16018
   1.36931
   1.42238
   1.36456
   1.27174
   0.96781
   0.67102
   0.50518
   0.27378
   0.28943
   0.82856
   1.56483
   1.81139
   1.68878
   1.52741
   1.47984
   1.32896
   0.99839
   0.67306
   0.49762
   0.56665
   0.97258
   1.26390
   1.51109
   1.57831
   1.47872
   1.31492
   1.22502
   1.09098
   0.85019
   0.87865
   0.83848
   0.75793
   0.96679
   1.25799
   1.40220
   1.44521
   1.17555
   0.99352
   0.94018
   0.83018
   0.84778
   0.78717
   0.86837
   1.11199
   1.25626
   1.37059
   1.18022
   0.98427
   0.92950
   0.74284
   0.62881
   0.49800
   0.60159
   0.89627
   1.20535
   1.36039
   1.45073
   1.31197
   1.20523
   1.13946
   0.99621
   0.75962
   0.66605
   0.84221
   0.97628
   1.19412
   1.24160
   1.15479
   1.21647
   1.04796
   1.01208
   1.11772
   1.15241
   1.02245
   0.95230
   0.85935
   0.75794
   0.68277
   0.68670
   0.97433
   1.08910
   1.28597
   1.25055
   1.11595
   1.06762
   0.90191
   1.08657
   1.18764
   1.18759
   1.20143
   1.19819
   1.21201
   1.11692
   1.13119
   1.10883
   0.97370
   0.92770
   0.76944
   0.82068
   1.04631
   1.37640
   1.46952
   1.34110
   1.43512
   1.32208
   1.22724
   1.24449
   1.27294
   1.14812
   0.95324
   0.95597
   0.93954
   1.06669
   1.14161
   1.21262
   1.13039
   1.25087
   1.22622
   1.30118
   1.18841
   1.13375
   1.23768
   1.28535
   1.24304
   1.20895
   1.17360
   1.02168
   0.95767
   0.87461
   0.96137
   1.03615
   1.11638
   1.19767
   1.08948
   1.09192
   1.19080
   1.29472
   1.23116
   0.95626
   0.77166
   0.56621
   0.22538
   0.22348
   0.52592
   0.90308
   1.30570
   1.59375
   1.47854
   1.47153
   1.08380
   1.05486
   1.10344
   0.99742
   1.00250
   1.20783
   1.20741
   1.38743
   1.23033
   1.07010
   1.09004
   1.04364
   0.99683
   1.26712
   1.41237
   1.28322
   1.19668
   0.92694
   0.61858
   0.39418
   0.34604
   0.81908
   1.26367
   1.68520
   1.56542
   1.55583
   1.37622
   1.27540
   1.09947
   1.06658
   1.13931
   1.22649
   1.20639
   1.04474
   0.89238
   0.80743
   0.52759
   0.42576
   0.50436
   0.71098
   1.30907
   1.69136
   1.63726
   1.38843
   1.17555
   0.84155
   0.49929
   0.65097
   0.66142
   1.10002
   1.44075
   1.46675
   1.49914
   1.45120
   1.15403
   0.92556
   0.74053
   0.68651
   0.53182
   0.72738
   0.82369
   0.82659
   1.10582
   1.16687
   1.38716
   1.14402
   0.98024
   0.73449
   0.79221
   1.01855
   1.15081
   1.31997
   1.50115
   1.49600
   1.45414
   1.25236
   0.99147
   0.68072
   0.72495
   0.81041
   1.00263
   0.99700
   1.15995
   1.20765
   1.02156
   0.89285
   0.84625
   1.04630
   1.39389
   1.38571
   1.27240
   1.25768
   1.11120
   1.04499
   0.93935
   0.93906
   0.84017
   0.91934
   1.16280
   1.26465
   1.49123
   1.39023
   1.15986
   1.14620
   0.96600
   0.97942
   1.19156
   1.14495
   1.21989
   1.21680
   1.22071
   1.04086
   1.03270
   1.11625
   1.17076
   1.04640
   0.94979
   0.84831
   0.68104
   0.88077
   0.86900
   0.89839
   1.13268
   1.21441
   1.33123
   1.07004
   0.78877
   0.73447
   0.60556
   0.63530
   0.87350
   1.05649
   1.27791
   1.22690
   1.13289
   1.02500
   0.89222
   0.89595
   0.92429
   1.27210
   1.29592
   1.27175
   1.12794
   1.13029
   0.96046
   1.00360
   1.27340
   1.45502
   1.33152
   1.25835
   1.13548
   0.97086
   0.91197
   0.86377
   1.00100
   1.27884
   1.18650
   1.12908
   1.00513
   0.77228
   0.72060
   0.92241
   0.91397
   0.97516
   1.30703
   1.40618
   1.26511
   1.00645
   1.01401
   1.13125
   1.20809
   1.06844
   0.98577
   0.76006
   0.72272
   0.52269
   0.48735
   0.87938
   1.33793
   1.50488
   1.45596
   1.37266
   1.17791
   0.85349
   0.69958
   1.00536
   1.19532
   1.29095
   1.28678
   1.27468
   1.17103
   1.10427
   1.21324
   1.17241
   0.83977
   0.73122
   0.29684
   0.23802
   0.34581
   0.66863
   1.37044
   1.72998
   1.72577
   1.43591
   1.19326
   0.89893
   0.62865
   0.26758
   0.29559
   0.40560
   0.99275
   1.45278
   1.51307
   1.48082
   1.45978
   1.20148
   0.94350
   0.88209
   0.90003
   0.99807
   1.33737
   1.57154
   1.53790
   1.53818
   1.18610
   0.87357
   0.77250
   0.76642
   0.95644
   1.23887
   1.43495
   1.28689
   1.20028
   0.94884
   0.80284
   0.86949
   1.05481
   1.05178
   1.26745
   1.35359
   1.35351
   1.26355
   1.20806
   1.24156
   0.94139
   0.91567
   1.08316
   1.37545
   1.28860
   1.21974
   1.12965
   0.98476
   1.13179
   1.20849
   1.24101
   1.23581
   1.03581
   1.03108
   1.02276
   1.00234
   0.99924
   1.19904
   0.98353
   1.04980
   1.14535
   1.30393
   1.10853
   0.96331
   0.97680
   0.94800
   1.13270
   1.31158
   1.20128
   1.34267
   1.23413
   1.11859
   0.97497
   0.83073
   0.71649
   0.91866
   1.05075
   1.06249
   1.15773
   1.32766
   1.48026
   1.48357
   1.26264
   0.96153
   0.83998
   0.66675
   0.77120
   0.88175
   1.04887
   1.26334
   1.40344
   1.32990
   1.27399
   1.14670
   1.06823
   1.01343
   0.88803
   0.99709
   0.98429
   1.12808
   1.38511
   1.35733
   1.32167
   1.13712
   1.01234
   1.03009
   1.08104
   1.00554
   1.04013
   0.99197
   1.04681
   1.11551
   0.89839
   0.85779
   0.74613
   0.64209
   0.68523
   0.91809
   1.07528
   1.21168
   1.31828
   1.21603
   1.29824
   1.18336
   1.08692
   1.09053
   1.21632
   0.99247
   1.06871
   0.93936
   0.84763
   0.74144
   0.66828
   0.70980
   0.76036
   0.98821
   1.17531
   1.28546
   1.33177
   1.33686
   1.38564
   1.04486
   0.91512
   0.99482
   1.09034
   1.16417
   1.25766
   1.24558
   1.07525
   0.87665
   0.65967
   0.40553
   0.52657
   0.74323
   1.00000
   1.23369
   1.26183
   1.19530
   1.27359
   1.27662
   1.06223
   0.75859
   0.70088
   0.51551
   0.72605
   1.07517
   1.38680
   1.45913
   1.36070
   1.22747
   1.06823
   0.91082
   0.80489
   0.81988
   0.94739
   1.05268
   1.15728
   1.15270
   1.17808
   1.22337
   1.24546
   0.90994
   0.76848
   0.86515
   0.99991
   1.17956
   1.35746
   1.31088
   1.10566
   1.15791
   1.03808
   0.78095
   0.55415
   0.75590
   1.13109
   1.38784
   1.45498
   1.09091
   0.92566
   0.69668
   0.65320
   0.85249
   1.15507
   1.55245
   1.52164
   1.30350
   1.03311
   0.84868
   0.68968
   0.71595
   1.11712
   1.40887
   1.43027
   1.41101
   1.25081
   1.22206
   0.96436
   0.77114
   0.60722
   0.59741
   0.75138
   1.05695
   1.31912
   1.53032
   1.55706
   1.33488
   1.22215
   1.14868
   1.00483
   1.12015
   1.09258
   1.04862
   0.90405
   0.83505
   0.76683
   0.68914
   0.99185
   1.21882
   1.35939
   1.49230
   1.35210
   1.17026
   0.96871
   0.72616
   0.62873
   0.84175
   1.11421
   1.29542
   1.28476
   1.46245
   1.26797
   1.20147
   1.14677
   1.24783
   1.31567
   1.26040
   1.04712
   0.72428
   0.63008
   0.61169
   0.81209
   1.07397
   1.28065
   1.31009
   1.12018
   0.94247
   0.77145
   0.95171
   1.09378
   1.22159
   1.05481
   1.04479
   1.05389
   1.23755
   1.25971
   1.37128
   1.37636
   1.25780
   1.22057
   1.22721
   1.14268
   1.08090
   0.96657
   0.76054
   0.80748
   0.76414
   1.04304
   1.23133
   1.30642
   1.23858
   1.05724
   0.87126
   0.78146
   0.77773
   0.73961
   0.60770
   0.85561
   1.30979
   1.57107
   1.50210
   1.49083
   1.36394
   1.27291
   1.40519
   1.30846
   1.25913
   1.12144
   0.97233
   0.83443
   0.87824
   0.96514
   1.19455
   1.40496
   1.51644
   1.32599
   1.37903
   1.22917
   0.98504
   0.73594
   0.53425
   0.24805
   0.34288
   0.76348
   1.28211
   1.66867
   1.69206
   1.52240
   1.20267
   0.69842
   0.52114
   0.44118
   0.81650
   1.33575
   1.72018
   1.60454
   1.41754
   1.34283
   1.15210
   0.93433
   0.88150
   1.05130
   1.19629
   1.23332
   1.16352
   1.10295
   1.07348
   1.01926
   1.04596
   0.99247
   0.77456
   0.75036
   0.89897
   1.28695
   1.47402
   1.37992
   1.21773
   0.69554
   0.39591
  -0.02917
  -0.14546
  -0.07775
   0.68115
   1.60198
   1.88596
   1.75383
   1.58385
   1.35804
   1.06456
   0.72223
   0.58561
   0.76935
   1.08941
   1.40294
   1.43905
   1.25543
   1.08832
   0.86676
   0.76934
   0.90499
   1.12882
   1.28495
   1.41214
   1.27747
   1.14881
   1.00991
   0.91593
   0.69677
   0.42644
   0.32900
   0.27585
   0.44401
   0.98972
   1.59652
   1.64017
   1.49587
   1.13482
   0.92447
   0.72672
   0.61616
   0.58986
   0.94180
   1.16676
   1.52214
   1.51286
   1.42495
   1.21960
   1.02603
   0.90663
   0.95564
   1.28040
   1.45342
   1.36080
   1.37179
   1.14807
   0.95997
   0.83949
   0.69643
   0.72860
   0.77630
   1.17299
   1.52509
   1.36826
   1.23453
   1.00440
   0.71382
   0.61155
   0.55818
   0.87748
   1.26467
   1.27409
   1.30179
   1.41001
   1.21338
   0.99392
   0.58959
   0.25098
   0.15389
   0.48611
   1.10496
   1.55148
   1.62735
   1.64063
   1.47079
   1.21804
   0.96967
   0.67769
   0.47434
   0.29005
   0.54257
   0.84257
   1.43982
   1.63568
   1.65221
   1.55483
   1.00276
   0.57441
   0.38640
   0.29641
   0.47072
   1.02241
   1.52522
   1.71664
   1.49982
   1.29074
   1.23994
   0.91013
   0.58499
   0.72412
   0.89881
   1.32814
   1.33180
   1.25542
   1.18211
   1.14355
   0.87658
   0.69172
   0.63724
   0.61882
   0.77964
   1.07806
   1.33493
   1.48714
   1.17907
   0.84312
   0.75540
   0.46802
   0.30972
   0.48619
   1.08000
   1.42272
   1.64109
   1.42856
   1.28109
   1.13690
   0.74938
   0.40338
   0.15124
   0.19054
   0.53787
   1.35636
   1.71099
   1.67917
   1.44878
   1.24403
   1.08498
   0.91336
   0.91646
   0.90136
   1.05532
   1.11808
   1.02164
   0.85323
   0.81742
   0.89217
   0.95445
   1.11312
   1.30722
   1.27929
   1.18078
   1.05743
   0.70323
   0.53022
   0.43184
   0.64009
   1.06537
   1.30529
   1.45907
   1.32707
   1.07085
   1.11955
   1.03558
   0.75668
   0.67773
   0.73434
   0.66959
   0.94638
   1.29996
   1.32242
   1.50032
   1.38787
   1.24310
   1.00208
   0.83409
   0.72621
   0.72862
   0.92950
   1.29017
   1.32762
   1.40559
   1.40656
   1.37216
   1.45258
   1.28345
   1.19444
   1.08690
   0.92441
   0.85046
   0.74286
   0.61862
   0.64490
   0.95664
   1.20986
   1.13856
   1.20454
   1.14792
   1.32715
   1.26089
   1.28049
   1.09862
   0.95368
   0.88324
   0.95279
   1.27771
   1.47958
   1.37445
   1.16558
   1.10224
   0.86201
   0.71405
   0.74169
   0.97583
   1.23067
   1.46010
   1.44766
   1.53498
   1.30951
   0.95677
   0.68349
   0.65414
   0.52038
   0.75946
   0.81324
   1.16581
   1.22163
   1.24628
   1.18981
   1.00621
   0.81694
   0.80447
   0.91913
   1.11374
   1.26489
   1.22444
   1.21577
   1.00531
   0.92217
   0.83216
   0.95543
   0.93263
   1.27559
   1.22192
   1.20805
   1.25480
   1.27532
   1.03570
   0.96267
   1.16536
   1.36941
   1.38059
   1.44617
   1.29876
   1.17551
   1.13897
   0.88792
   0.68329
   0.74486
   1.01240
   1.16478
